<?xml version="1.0"?>
<opencv_storage>
<calibration_time>"Wed 23 Dec 2015 11:07:14 PM"</calibration_time>
<nr_of_frames>25</nr_of_frames>
<image_width>640</image_width>
<image_height>480</image_height>
<board_width>9</board_width>
<board_height>6</board_height>
<square_size>15.</square_size>
<fix_aspect_ratio>1.</fix_aspect_ratio>
<!-- flags:  +fix_aspect_ratio +fix_principal_point +zero_tangent_dist -->
<flags>14</flags>
<camera_matrix type_id="opencv-matrix">
  <rows>3</rows>
  <cols>3</cols>
  <dt>d</dt>
  <data>
    5.7673156413393133e+02 0. 3.1950000000000000e+02 0.
    5.7673156413393133e+02 2.3950000000000000e+02 0. 0. 1.</data></camera_matrix>
<distortion_coefficients type_id="opencv-matrix">
  <rows>5</rows>
  <cols>1</cols>
  <dt>d</dt>
  <data>
    8.9725925031983511e-02 -7.0771321986906943e-01 0. 0.
    4.5364014802511816e+00</data></distortion_coefficients>
<avg_reprojection_error>1.6654909925723838e-01</avg_reprojection_error>
<per_view_reprojection_errors type_id="opencv-matrix">
  <rows>25</rows>
  <cols>1</cols>
  <dt>f</dt>
  <data>
    1.41983375e-01 1.65977582e-01 1.72464132e-01 1.54688701e-01
    2.43138939e-01 1.76350489e-01 1.79291055e-01 2.39612356e-01
    1.53349459e-01 1.56711578e-01 1.48387223e-01 1.42309889e-01
    1.67751163e-01 1.63576812e-01 1.50119230e-01 1.34024069e-01
    1.45056352e-01 1.44149557e-01 1.51862785e-01 1.50159955e-01
    2.18954012e-01 1.77726954e-01 1.67104349e-01 1.35447174e-01
    1.15496971e-01</data></per_view_reprojection_errors>
<extrinsic_parameters type_id="opencv-matrix">
  <rows>25</rows>
  <cols>6</cols>
  <dt>d</dt>
  <data>
    -1.0686202083507070e-02 -2.0369663309045577e-01
    4.0804888408427803e-02 -4.9002983870955070e+01
    -1.8532720026373685e+01 3.1018900010163162e+02
    -2.2958514359735480e-02 -2.1732998489458347e-01
    3.8992376254047514e-02 -5.4998380988109368e+01
    -1.5645080185669235e+01 3.1234622121396046e+02
    -1.8889190974206351e-02 -2.1539490610929271e-01
    3.9046831954739895e-02 -5.4808566583686620e+01
    -1.6256691186188686e+01 3.1231781613014306e+02
    -1.9185437457047996e-02 -2.1504710177023278e-01
    3.7885367041030210e-02 -5.5174270125522256e+01
    -1.8166014136120619e+01 3.1171165412293726e+02
    -1.0541013385632970e-02 -2.0915714992322698e-01
    3.1318005508208145e-02 -5.6738420654956428e+01
    -2.1764046090718089e+01 3.1069519924196368e+02
    -2.1843568836507634e-03 -2.2599406656343676e-01
    2.8864110221419704e-02 -6.2980622385375916e+01
    -2.6875221141891625e+01 3.0980279024161166e+02
    -9.7185018260386915e-03 -2.2757599844680754e-01
    3.6935539019098344e-02 -5.8770967303540537e+01
    -2.5858412301580440e+01 3.0884219699335040e+02
    2.7805880786132033e-02 -2.2294876050108317e-01
    4.7361317476198150e-02 -5.3222361533884737e+01
    -3.0938274477873989e+01 3.0596214250111109e+02
    2.5059136024516523e-02 -2.2968284827473107e-01
    6.0758370561525318e-02 -4.4190832744393461e+01
    -3.3039107613105060e+01 3.0366970097785014e+02
    3.2096456648654320e-02 -2.4145004750824586e-01
    7.1682488590803423e-02 -4.5541300974054359e+01
    -3.2729648713222289e+01 3.0362119328352367e+02
    3.9674577720441154e-02 -2.5341135750612309e-01
    7.9278688584888055e-02 -4.2967567313917669e+01
    -3.2280293774408904e+01 3.0130625464270338e+02
    3.4755509101713648e-02 -2.5097377737729654e-01
    7.1531253253634922e-02 -4.4162588274522541e+01
    -3.0974904108439887e+01 3.0256228330523379e+02
    5.3890589757195830e-02 -2.6920266513584745e-01
    7.7811157108466728e-02 -4.5297541021049852e+01
    -3.0895950678141610e+01 3.0155334810191164e+02
    4.1480095642062613e-02 -2.8778104261029208e-01
    8.4384152369719967e-02 -4.5520112870261158e+01
    -2.9680014586921519e+01 2.9988901790961398e+02
    3.1721285231457653e-02 -3.0583716600180350e-01
    9.1415863689335283e-02 -4.8565746437274200e+01
    -2.4798493405391532e+01 2.9994667680805691e+02
    5.4227424781499250e-02 -3.3879630116815579e-01
    1.0544096926654821e-01 -5.1394636702248825e+01
    -3.4428806839080920e+01 2.9375484881751254e+02
    4.8113542638895238e-02 -3.5713129786908165e-01
    1.1344553939728953e-01 -5.5695429526482158e+01
    -3.1659295476873712e+01 2.9315548771329026e+02
    3.7909670821327172e-02 -3.5280321922883151e-01
    1.1965335089097472e-01 -5.2974069703486336e+01
    -2.7836706908173689e+01 2.9465850983318643e+02
    3.5263918960491789e-02 -3.5225014718315034e-01
    1.2599376605259408e-01 -5.1173770915823290e+01
    -2.3869463302924057e+01 2.9609188348743555e+02
    5.1908814063495894e-02 -3.5698649434281315e-01
    1.3033107858364701e-01 -5.1985626048803617e+01
    -2.5872257964863504e+01 2.9537398384499079e+02
    2.4460821381286853e-02 -3.8759767011231483e-01
    1.3820860773068785e-01 -5.5524467459438945e+01
    -2.7466193214891277e+01 2.9393027700085156e+02
    2.6753003048931055e-02 -3.7757274148595504e-01
    1.5104390542154425e-01 -4.7969790061602602e+01
    -2.4874260824374712e+01 2.9469657594433914e+02
    3.1639941646782674e-02 -3.6703575454329085e-01
    1.6711329410156636e-01 -3.8132729215233553e+01
    -1.8235410997366916e+01 2.9448369756051096e+02
    3.7933032927846652e-02 -3.9843494191455564e-01
    1.9136752782057201e-01 -4.5019404476953078e+01
    -1.7321388647939145e+01 2.9526355291222137e+02
    4.3457260986845540e-02 -3.9927818071321136e-01
    1.9587542737620198e-01 -4.0867772609667618e+01
    -1.3569724369918042e+01 2.9502003275173001e+02</data></extrinsic_parameters>
